     1	0.07 0.0 0.0
     2	0.665 0.0 0.0
     3	0.121 0.004 0.007
     4	0.264 0.013 0.017
     5	0.27 0.013 0.015
     6	0.229 0.015 0.004
     7	0.267 0.017 0.021
     8	0.277 0.017 0.023
     9	0.311 0.019 0.035
    10	0.327 0.025 0.027
    11	0.292 0.029 0.043
    12	0.239 0.032 0.016
    13	0.377 0.037 0.076
    14	0.286 0.055 0.02
    15	0.253 0.071 0.037
    16	0.255 0.072 0.033
    17	0.524 0.076 0.038
    18	0.406 0.093 0.077
    19	0.331 0.102 0.034
    20	0.235 0.107 0.049
    21	0.32 0.11 0.051
    22	0.269 0.12 0.044
    23	0.552 0.138 0.115
    24	0.557 0.139 0.162
    25	0.395 0.14 0.113
    26	0.339 0.159 0.061
    27	0.338 0.164 0.07
    28	0.464 0.164 0.048
    29	0.254 0.165 0.032
    30	0.517 0.186 0.107
    31	0.374 0.19 0.038
    32	0.412 0.204 0.051
    33	0.412 0.21 0.063
    34	0.389 0.211 0.054
    35	0.63 0.242 0.121
    36	0.461 0.244 0.01
    37	0.577 0.25 0.131
    38	0.456 0.267 0.055
    39	0.555 0.268 0.083
    40	0.423 0.274 0.065
    41	0.63 0.281 0.13
    42	0.709 0.293 0.09
    43	0.463 0.302 0.042
    44	0.518 0.303 0.054
    45	0.513 0.323 0.041
    46	0.525 0.34 0.05
    47	0.528 0.346 0.039
    48	0.521 0.347 0.044
    49	0.544 0.392 0.05
    50	0.518 0.398 0.02
    51	0.515 0.402 0.028
    52	0.535 0.404 0.035
    53	0.589 0.406 0.03
    54	0.484 0.419 0.015
    55	0.565 0.424 0.031
    56	0.56 0.431 0.031
