     1	0.07 0.0 0.0
     2	0.121 0.0 0.001
     3	0.327 0.0 0.0
     4	0.377 0.0 0.001
     5	0.665 0.0 0.0
     6	0.264 0.003 0.003
     7	0.311 0.003 0.001
     8	0.267 0.004 0.004
     9	0.27 0.004 0.002
    10	0.277 0.009 0.021
    11	0.292 0.01 0.015
    12	0.229 0.012 0.005
    13	0.552 0.015 0.009
    14	0.239 0.025 0.017
    15	0.255 0.034 0.016
    16	0.286 0.041 0.015
    17	0.253 0.042 0.039
    18	0.269 0.043 0.02
    19	0.395 0.043 0.082
    20	0.235 0.044 0.018
    21	0.524 0.044 0.012
    22	0.406 0.049 0.004
    23	0.331 0.067 0.016
    24	0.338 0.072 0.031
    25	0.557 0.079 0.11
    26	0.339 0.084 0.036
    27	0.32 0.088 0.036
    28	0.517 0.094 0.078
    29	0.464 0.101 0.05
    30	0.374 0.12 0.029
    31	0.577 0.129 0.08
    32	0.389 0.141 0.033
    33	0.412 0.147 0.027
    34	0.254 0.154 0.037
    35	0.63 0.156 0.002
    36	0.412 0.162 0.04
    37	0.63 0.177 0.055
    38	0.555 0.201 0.047
    39	0.456 0.202 0.031
    40	0.423 0.227 0.06
    41	0.709 0.23 0.02
    42	0.461 0.234 0.008
    43	0.463 0.242 0.035
    44	0.518 0.244 0.036
    45	0.525 0.264 0.015
    46	0.513 0.275 0.006
    47	0.528 0.298 0.013
    48	0.521 0.3 0.02
    49	0.544 0.329 0.022
    50	0.515 0.348 0.009
    51	0.518 0.355 0.013
    52	0.535 0.359 0.02
    53	0.56 0.379 0.032
    54	0.565 0.381 0.045
    55	0.589 0.382 0.038
    56	0.484 0.403 0.014
