     1	0.07 0.0 0.0
     2	0.665 0.0 0.0
     3	0.377 0.001 0.002
     4	0.121 0.002 0.006
     5	0.311 0.003 0.001
     6	0.327 0.004 0.007
     7	0.264 0.007 0.009
     8	0.27 0.009 0.011
     9	0.267 0.01 0.012
    10	0.277 0.013 0.024
    11	0.229 0.014 0.004
    12	0.292 0.014 0.02
    13	0.239 0.031 0.016
    14	0.286 0.045 0.015
    15	0.255 0.052 0.027
    16	0.253 0.058 0.037
    17	0.524 0.058 0.017
    18	0.406 0.062 0.027
    19	0.552 0.063 0.085
    20	0.235 0.073 0.026
    21	0.269 0.08 0.034
    22	0.331 0.088 0.027
    23	0.557 0.1 0.126
    24	0.338 0.102 0.046
    25	0.32 0.103 0.053
    26	0.395 0.108 0.108
    27	0.339 0.12 0.048
    28	0.464 0.125 0.041
    29	0.374 0.15 0.032
    30	0.517 0.151 0.083
    31	0.254 0.158 0.037
    32	0.63 0.162 0.009
    33	0.412 0.176 0.039
    34	0.412 0.177 0.042
    35	0.389 0.186 0.05
    36	0.577 0.201 0.101
    37	0.63 0.213 0.096
    38	0.456 0.223 0.038
    39	0.555 0.236 0.078
    40	0.461 0.238 0.01
    41	0.709 0.247 0.045
    42	0.423 0.248 0.061
    43	0.463 0.262 0.041
    44	0.518 0.274 0.043
    45	0.513 0.285 0.02
    46	0.525 0.29 0.03
    47	0.528 0.313 0.021
    48	0.521 0.327 0.034
    49	0.544 0.348 0.039
    50	0.518 0.373 0.02
    51	0.515 0.374 0.019
    52	0.535 0.374 0.027
    53	0.589 0.392 0.034
    54	0.565 0.408 0.041
    55	0.484 0.41 0.013
    56	0.56 0.426 0.029
