     1	0.07 0.001 0.001
     2	0.121 0.012 0.013
     3	0.311 0.028 0.042
     4	0.229 0.042 0.075
     5	0.277 0.044 0.051
     6	0.239 0.052 0.031
     7	0.327 0.054 0.032
     8	0.292 0.068 0.05
     9	0.286 0.074 0.045
    10	0.264 0.076 0.087
    11	0.267 0.083 0.088
    12	0.27 0.09 0.094
    13	0.253 0.092 0.038
    14	0.377 0.104 0.15
    15	0.32 0.121 0.054
    16	0.255 0.124 0.053
    17	0.235 0.131 0.045
    18	0.331 0.136 0.084
    19	0.406 0.144 0.126
    20	0.269 0.147 0.052
    21	0.254 0.18 0.034
    22	0.524 0.188 0.144
    23	0.339 0.201 0.073
    24	0.338 0.203 0.067
    25	0.395 0.227 0.114
    26	0.557 0.235 0.128
    27	0.389 0.244 0.061
    28	0.412 0.245 0.052
    29	0.552 0.247 0.136
    30	0.412 0.254 0.09
    31	0.374 0.256 0.049
    32	0.464 0.26 0.1
    33	0.461 0.267 0.049
    34	0.456 0.316 0.072
    35	0.423 0.317 0.057
    36	0.463 0.319 0.042
    37	0.517 0.32 0.125
    38	0.63 0.321 0.151
    39	0.555 0.332 0.089
    40	0.577 0.355 0.118
    41	0.665 0.368 0.419
    42	0.518 0.378 0.081
    43	0.513 0.387 0.046
    44	0.63 0.387 0.162
    45	0.525 0.399 0.06
    46	0.521 0.404 0.034
    47	0.528 0.417 0.064
    48	0.589 0.423 0.022
    49	0.544 0.424 0.047
    50	0.518 0.426 0.031
    51	0.709 0.431 0.137
    52	0.535 0.432 0.042
    53	0.484 0.435 0.028
    54	0.565 0.438 0.034
    55	0.515 0.441 0.042
    56	0.56 0.444 0.034
