     1	0.0	0.0	0.0	0.0	0.0	0.001	0.07
     2	0.0	0.0	0.0	0.0	0.0	0.368	0.665
     3	0.0	0.0	0.0	0.001	0.037	0.104	0.377
     4	0.0	0.0	0.0	0.002	0.004	0.012	0.121
     5	0.002	0.002	0.003	0.003	0.019	0.028	0.311
     6	0.0	0.0	0.0	0.004	0.025	0.054	0.327
     7	0.0	0.001	0.003	0.007	0.013	0.076	0.264
     8	0.0	0.002	0.004	0.009	0.013	0.09	0.27
     9	0.0	0.002	0.004	0.01	0.017	0.083	0.267
    10	0.003	0.003	0.009	0.013	0.017	0.044	0.277
    11	0.0	0.004	0.01	0.014	0.029	0.068	0.292
    12	0.01	0.011	0.012	0.014	0.015	0.042	0.229
    13	0.016	0.021	0.025	0.031	0.032	0.052	0.239
    14	0.033	0.036	0.041	0.045	0.055	0.074	0.286
    15	0.013	0.021	0.034	0.052	0.072	0.124	0.255
    16	0.005	0.011	0.042	0.058	0.071	0.092	0.253
    17	0.037	0.038	0.044	0.058	0.076	0.188	0.524
    18	0.045	0.047	0.049	0.062	0.093	0.144	0.406
    19	0.009	0.011	0.015	0.063	0.138	0.247	0.552
    20	0.022	0.026	0.044	0.073	0.107	0.131	0.235
    21	0.024	0.031	0.043	0.08	0.12	0.147	0.269
    22	0.039	0.05	0.067	0.088	0.102	0.136	0.331
    23	0.001	0.001	0.079	0.1	0.139	0.235	0.557
    24	0.039	0.052	0.072	0.102	0.164	0.203	0.338
    25	0.056	0.065	0.088	0.103	0.11	0.121	0.32
    26	0.013	0.038	0.043	0.108	0.14	0.227	0.395
    27	0.048	0.069	0.084	0.12	0.159	0.201	0.339
    28	0.083	0.085	0.101	0.125	0.164	0.26	0.464
    29	0.085	0.098	0.12	0.15	0.19	0.256	0.374
    30	0.042	0.077	0.094	0.151	0.186	0.32	0.517
    31	0.138	0.146	0.154	0.158	0.165	0.18	0.254
    32	0.156	0.156	0.156	0.162	0.242	0.321	0.63
    33	0.124	0.134	0.147	0.176	0.204	0.245	0.412
    34	0.129	0.134	0.162	0.177	0.21	0.254	0.412
    35	0.126	0.131	0.141	0.186	0.211	0.244	0.389
    36	0.054	0.123	0.129	0.201	0.25	0.355	0.577
    37	0.159	0.161	0.177	0.213	0.281	0.387	0.63
    38	0.165	0.19	0.202	0.223	0.267	0.316	0.456
    39	0.167	0.178	0.201	0.236	0.268	0.332	0.555
    40	0.23	0.231	0.234	0.238	0.244	0.267	0.461
    41	0.226	0.226	0.23	0.247	0.293	0.431	0.709
    42	0.175	0.197	0.227	0.248	0.274	0.317	0.423
    43	0.161	0.197	0.242	0.262	0.302	0.319	0.463
    44	0.167	0.199	0.244	0.274	0.303	0.378	0.518
    45	0.271	0.272	0.275	0.285	0.323	0.387	0.513
    46	0.253	0.259	0.264	0.29	0.34	0.399	0.525
    47	0.284	0.291	0.298	0.313	0.346	0.417	0.528
    48	0.28	0.29	0.3	0.327	0.347	0.404	0.521
    49	0.316	0.322	0.329	0.348	0.392	0.424	0.544
    50	0.342	0.346	0.355	0.373	0.398	0.426	0.518
    51	0.33	0.339	0.359	0.374	0.404	0.432	0.535
    52	0.341	0.342	0.348	0.374	0.402	0.441	0.515
    53	0.319	0.36	0.382	0.392	0.406	0.423	0.589
    54	0.334	0.347	0.381	0.408	0.424	0.438	0.565
    55	0.375	0.375	0.403	0.41	0.419	0.435	0.484
    56	0.348	0.35	0.379	0.426	0.431	0.444	0.56
