     1	0.07 0.0 0.0
     2	0.121 0.0 0.0
     3	0.264 0.0 0.0
     4	0.267 0.0 0.0
     5	0.27 0.0 0.0
     6	0.292 0.0 0.0
     7	0.327 0.0 0.0
     8	0.377 0.0 0.0
     9	0.665 0.0 0.0
    10	0.557 0.001 0.0
    11	0.311 0.002 0.0
    12	0.277 0.003 0.011
    13	0.253 0.005 0.014
    14	0.552 0.009 0.011
    15	0.229 0.01 0.005
    16	0.255 0.013 0.011
    17	0.395 0.013 0.053
    18	0.239 0.016 0.014
    19	0.235 0.022 0.007
    20	0.269 0.024 0.013
    21	0.286 0.033 0.004
    22	0.524 0.037 0.008
    23	0.331 0.039 0.004
    24	0.338 0.039 0.015
    25	0.517 0.042 0.022
    26	0.406 0.045 0.002
    27	0.339 0.048 0.016
    28	0.577 0.054 0.067
    29	0.32 0.056 0.037
    30	0.464 0.083 0.054
    31	0.374 0.085 0.01
    32	0.412 0.124 0.003
    33	0.389 0.126 0.019
    34	0.412 0.129 0.013
    35	0.254 0.138 0.05
    36	0.63 0.156 0.0
    37	0.63 0.159 0.007
    38	0.463 0.161 0.037
    39	0.456 0.165 0.015
    40	0.518 0.167 0.051
    41	0.555 0.167 0.0
    42	0.423 0.175 0.024
    43	0.709 0.226 0.0
    44	0.461 0.23 0.001
    45	0.525 0.253 0.002
    46	0.513 0.271 0.003
    47	0.521 0.28 0.007
    48	0.528 0.284 0.002
    49	0.544 0.316 0.0
    50	0.589 0.319 0.08
    51	0.535 0.33 0.013
    52	0.565 0.334 0.0
    53	0.515 0.341 0.0
    54	0.518 0.342 0.0
    55	0.56 0.348 0.0
    56	0.484 0.375 0.0
