     1	0.07 0.0 0.0
     2	0.665 0.0 0.0
     3	0.121 0.001 0.002
     4	0.377 0.001 0.002
     5	0.327 0.002 0.005
     6	0.311 0.003 0.001
     7	0.264 0.005 0.005
     8	0.27 0.006 0.004
     9	0.267 0.007 0.005
    10	0.277 0.01 0.021
    11	0.292 0.011 0.015
    12	0.229 0.013 0.004
    13	0.239 0.028 0.017
    14	0.552 0.035 0.056
    15	0.255 0.042 0.023
    16	0.286 0.042 0.015
    17	0.524 0.05 0.015
    18	0.253 0.056 0.037
    19	0.406 0.057 0.02
    20	0.235 0.062 0.024
    21	0.269 0.068 0.02
    22	0.395 0.075 0.1
    23	0.331 0.079 0.027
    24	0.557 0.085 0.119
    25	0.338 0.086 0.036
    26	0.32 0.099 0.054
    27	0.339 0.107 0.048
    28	0.464 0.118 0.049
    29	0.517 0.123 0.08
    30	0.374 0.136 0.036
    31	0.254 0.156 0.037
    32	0.63 0.158 0.005
    33	0.412 0.161 0.033
    34	0.389 0.169 0.04
    35	0.412 0.172 0.041
    36	0.577 0.173 0.093
    37	0.63 0.202 0.088
    38	0.456 0.215 0.036
    39	0.555 0.217 0.064
    40	0.461 0.235 0.008
    41	0.709 0.239 0.032
    42	0.423 0.241 0.06
    43	0.518 0.257 0.046
    44	0.463 0.259 0.042
    45	0.525 0.274 0.019
    46	0.513 0.28 0.014
    47	0.528 0.307 0.018
    48	0.521 0.314 0.029
    49	0.544 0.336 0.028
    50	0.515 0.359 0.015
    51	0.518 0.368 0.017
    52	0.535 0.369 0.022
    53	0.589 0.389 0.036
    54	0.565 0.397 0.044
    55	0.484 0.406 0.013
    56	0.56 0.42 0.033
