     1	0.07 0.0 0.0
     2	0.121 0.0 0.0
     3	0.327 0.0 0.0
     4	0.377 0.0 0.001
     5	0.665 0.0 0.0
     6	0.264 0.001 0.001
     7	0.557 0.001 0.0
     8	0.267 0.002 0.002
     9	0.27 0.002 0.002
    10	0.311 0.002 0.001
    11	0.277 0.003 0.011
    12	0.292 0.004 0.011
    13	0.229 0.011 0.005
    14	0.253 0.011 0.017
    15	0.552 0.011 0.01
    16	0.239 0.021 0.016
    17	0.255 0.021 0.015
    18	0.235 0.026 0.008
    19	0.269 0.031 0.015
    20	0.286 0.036 0.009
    21	0.395 0.038 0.085
    22	0.524 0.038 0.008
    23	0.406 0.047 0.004
    24	0.331 0.05 0.012
    25	0.338 0.052 0.019
    26	0.32 0.065 0.038
    27	0.339 0.069 0.03
    28	0.517 0.077 0.074
    29	0.464 0.085 0.056
    30	0.374 0.098 0.015
    31	0.577 0.123 0.078
    32	0.389 0.131 0.027
    33	0.412 0.134 0.017
    34	0.412 0.134 0.018
    35	0.254 0.146 0.043
    36	0.63 0.156 0.0
    37	0.63 0.161 0.009
    38	0.555 0.178 0.032
    39	0.456 0.19 0.024
    40	0.423 0.197 0.04
    41	0.463 0.197 0.042
    42	0.518 0.199 0.048
    43	0.709 0.226 0.0
    44	0.461 0.231 0.001
    45	0.525 0.259 0.015
    46	0.513 0.272 0.003
    47	0.521 0.29 0.011
    48	0.528 0.291 0.007
    49	0.544 0.322 0.011
    50	0.535 0.339 0.014
    51	0.515 0.342 0.002
    52	0.518 0.346 0.005
    53	0.565 0.347 0.028
    54	0.56 0.35 0.002
    55	0.589 0.36 0.05
    56	0.484 0.375 0.0
